1.26e-10 4.70209e-10
1.33e-10 3.57965e-10
1.26e-10 5.41821e-10
1.34e-10 6.77357e-10
1.4065e-09 3.61426e-06
2.22e-10 2.51158e-09
9.35e-11 2.91644e-10
3.65e-11 5.82547e-11
1.07e-10 4.97056e-10
1.74e-10 9.59841e-10
4.85e-11 9.83228e-11
4.7e-11 8.51441e-11
2.755e-10 2.1461e-09
5.05e-11 1.44622e-10
1.51e-10 7.83112e-10
6.1e-11 1.24026e-10
5.16e-10 3.61051e-08
8.85e-11 1.81597e-10
8.45e-11 3.00964e-10
4.9e-11 9.05367e-11
3.295e-10 4.92124e-09
8.5e-11 2.53109e-10
1.94e-10 1.27163e-09
9.4e-11 2.88682e-10
5.3e-11 1.14226e-10
1.0495e-09 1.17784e-06
1.165e-10 5.89737e-10
2.51e-10 2.11348e-09
1.095e-10 4.47798e-10
4.51e-10 1.00542e-08
8.05e-11 3.03026e-10
1.515e-10 9.38969e-10
7.15e-11 2.89583e-10
1.635e-10 9.13349e-10
1.825e-10 1.80273e-09
4.65e-10 1.58288e-08
2.68e-10 1.4098e-09
1.805e-10 6.83644e-10
7.3e-11 1.41065e-10
4.5e-11 9.45946e-11
2.065e-10 1.27592e-09
4.9e-11 1.39063e-10
6.3e-11 1.28379e-10
1.175e-10 4.25221e-10
4e-11 5.9817e-11
4.18e-10 1.10782e-08
6.2e-11 2.37439e-10
7e-10 6.3021e-08
8.55e-11 2.44465e-10
7.05e-11 1.21975e-10
6.85e-11 1.73358e-10
8.85e-11 3.96116e-10
7.5e-11 2.97128e-10
8.35e-11 2.30971e-10
1.48e-10 4.54665e-10
9.9e-11 3.06104e-10
7.2e-11 2.06155e-10
3.265e-10 7.3873e-09
2.03e-10 1.00749e-09
3.15e-11 4.55642e-11
9.8e-11 3.07348e-10
1.61e-10 8.39995e-10
1.255e-10 4.97302e-10
1.06e-10 4.17414e-10
1.55e-10 1.12009e-09
8.55e-11 3.5032e-10
7e-11 1.48858e-10
1.885e-10 1.27351e-09
1.555e-10 6.25346e-10
3.2e-11 4.17149e-11
1.505e-10 5.10224e-10
2.8e-11 4.03165e-11
1.125e-10 4.73844e-10
1.195e-10 4.34252e-10
7.7e-11 1.6878e-10
1.165e-10 5.82986e-10
1.22e-10 3.63801e-10
1.28e-10 7.24864e-10
5.75e-11 1.05368e-10
5.15e-11 1.14292e-10
2.095e-10 1.77366e-09
1.005e-10 3.05306e-10
1.195e-10 3.83632e-10
1.76e-10 1.18641e-09
6.2e-11 1.278e-10
1.99e-10 1.37484e-09
9.5e-11 3.02046e-10
5.9e-11 1.2423e-10
7.35e-11 2.06147e-10
2.335e-10 1.63587e-09
4.165e-10 1.96131e-08
2.255e-10 2.30799e-09
6.6e-11 1.36681e-10
8.35e-11 1.91438e-10
8.3e-11 2.36606e-10
5.75e-11 9.77182e-11
5.65e-11 1.23028e-10
8.8e-11 2.37306e-10
1.715e-10 1.32677e-09
5.45e-11 1.07884e-10
