#! FIELDS time energy rg coor hydrophobic
 0.000000 -813.411133 0.894532 13.619120 39.866582
 1000.000047 -354.998047 0.906227 13.706051 36.441504
 2000.000095 -1108.767578 0.919064 14.950333 36.298976
 3000.000142 -467.308105 0.920088 13.842056 37.157813
 4000.000190 -218.303711 0.929237 13.875690 37.129061
 5000.000237 166.497559 0.932216 15.193810 36.652847
 6000.000285 -541.341797 0.935656 14.906843 38.229480
 7000.000332 273.171875 0.945995 14.155358 37.251533
 8000.000380 -411.795898 0.920094 14.282995 37.952726
 9000.000427 -710.912109 0.913687 14.313532 36.627003
 10000.000475 -443.250000 0.876393 13.698792 40.224715
 11000.000522 -862.520508 0.926786 13.267214 38.345561
 12000.000570 -781.022461 0.904595 15.724380 38.835751
 13000.000617 158.968262 0.901852 14.970612 38.483426
 14000.000665 -289.475586 0.909808 13.173405 37.484153
 15000.000712 -405.151367 0.937768 13.730450 35.724311
 16000.000760 116.793945 0.920048 12.367627 36.922099
 17000.000807 -168.095215 0.918966 11.809324 34.707538
 18000.000855 -625.962891 0.937830 11.613605 34.991041
 19000.000902 -580.665527 0.971415 11.623889 32.526431
 20000.000950 -567.838867 0.955157 9.835798 37.106513
 21000.000997 -381.825195 1.039011 9.349178 33.803215
 22000.001045 -420.983398 1.026636 11.604632 31.677741
 23000.001092 457.805664 0.944027 10.971217 34.744262
 24000.001140 -222.003906 0.979905 10.926912 34.723347
 25000.001187 -415.491211 0.961882 10.821358 33.789380
 26000.001235 39.057617 0.956349 10.698533 33.301189
 27000.001282 -185.053711 0.932380 11.920883 35.000722
 28000.001330 -173.294922 0.948559 11.482098 34.843975
 29000.001377 -533.828125 1.018901 10.498357 33.702974
 30000.001425 -196.580078 1.016887 10.344393 32.906521
 31000.001472 -477.309570 0.999375 11.828866 36.034025
 32000.001520 -461.348145 0.957527 12.195165 35.444116
 33000.001567 -707.542969 0.946213 9.738606 34.957883
 34000.001615 -509.280273 1.091073 7.942556 30.813869
 35000.001662 -295.409180 1.059310 8.103530 29.665513
 36000.001710 -541.688477 1.368363 7.568310 26.426521
 37000.001757 -303.669434 1.278187 7.465129 25.087159
 38000.001805 177.568848 1.360871 9.294707 24.774566
 39000.001852 -261.585938 1.033473 8.429421 27.731414
 40000.001900 -405.376465 1.064580 5.189212 26.172264
 41000.001947 -41.513672 1.247695 7.049262 25.112033
 42000.001995 -419.587891 1.257310 7.758928 24.645584
 43000.002042 -764.703125 1.310972 8.381547 26.394339
 44000.002090 -710.340820 1.132452 7.007758 25.206696
 45000.002137 -950.166016 0.918899 7.846385 26.601496
 46000.002185 -33.347656 0.909732 7.471667 27.170470
 47000.002232 396.597168 0.983361 8.009921 27.559253
 48000.002280 -448.975586 1.009032 5.307313 25.972842
 49000.002327 -331.859863 0.988848 4.196771 26.498871
 50000.002375 -58.946777 0.959491 6.027654 26.918930
 51000.002422 -184.016113 0.938444 8.464762 28.821305
 52000.002470 -83.658203 0.931929 6.150456 28.083374
 53000.002517 -625.878906 0.947377 8.112136 28.356686
 54000.002565 -247.342285 0.989591 5.587223 28.577415
 55000.002612 -527.600098 0.871378 6.669840 29.238220
 56000.002660 -377.880371 0.937535 4.671270 28.654006
 57000.002707 410.042480 1.019132 4.751420 28.979933
 58000.002755 -860.254883 1.043334 5.111538 29.259223
 59000.002802 -943.792969 1.016741 5.030985 28.417328
 60000.002850 -61.834961 1.019750 5.073363 27.845440
 61000.002897 -117.521484 0.983482 5.012507 29.683942
 62000.002945 250.452637 0.874540 6.089049 27.796446
 63000.002992 -217.645508 1.094050 5.396885 24.804945
 64000.003040 418.336914 1.042824 5.677079 25.616662
 65000.003087 -49.486816 1.012260 5.393079 26.543517
 66000.003135 -1.091309 0.946075 5.203284 27.201142
 67000.003182 -141.465820 0.909587 6.642221 27.325608
 68000.003230 -143.958008 0.989301 4.105001 28.042163
 69000.003277 40.607422 0.970666 6.169861 27.576719
 70000.003325 -56.534180 1.156222 5.039900 25.285527
 71000.003372 -713.530762 1.017845 5.420214 27.948209
 72000.003420 -287.059570 1.056388 8.326350 26.580082
 73000.003467 176.125488 1.228355 5.128007 26.949137
 74000.003515 -250.137207 0.963444 7.073637 30.116071
 75000.003562 -39.524902 0.961617 6.425014 29.791208
 76000.003610 238.917480 0.924154 7.629924 32.938132
 77000.003657 780.669922 0.951667 6.576681 34.596651
 78000.003705 739.645996 1.025305 5.471835 28.601228
 79000.003752 322.630859 1.059372 7.019909 26.576861
 80000.003800 129.113281 1.115530 5.959236 26.906934
 81000.003847 105.668945 1.019213 6.483161 25.246955
 82000.003895 -324.810547 1.041966 5.648017 25.629076
 83000.003942 -426.625977 1.040801 5.799713 25.042144
 84000.003990 27.577637 1.063416 5.290123 25.603127
 85000.004037 185.020020 1.203092 6.056155 24.458713
 86000.004085 -492.134766 0.921937 5.309970 26.731068
 87000.004132 139.998047 0.927046 4.695451 27.510304
 88000.004180 -585.690430 0.927908 4.789999 29.932996
 89000.004227 -5.461426 0.952870 3.923023 28.240436
 90000.004275 153.387695 0.934525 5.908035 27.319090
 91000.004322 667.854004 1.133309 3.692869 25.748405
 92000.004370 434.193848 1.096598 4.352014 26.341788
 93000.004417 -34.203125 0.941583 4.037553 30.420399
 94000.004465 6.150879 1.109499 4.827597 28.950733
 95000.004512 339.994141 1.184644 3.567636 23.389006
 96000.004560 324.216797 1.018356 5.610428 26.821741
 97000.004607 -56.351562 0.949540 4.394198 26.536277
 98000.004655 185.136230 0.937138 6.203366 26.926821
 99000.004702 -210.855957 1.028317 5.532558 25.781810
 100000.004750 -131.356934 1.247587 5.528783 26.217066
 101000.004797 19.185547 1.106331 6.515730 25.019978
 102000.004845 -49.619629 1.065256 6.224151 25.487409
 103000.004892 -292.156250 1.068003 5.422361 25.859975
 104000.004940 -115.514160 1.028356 6.376634 26.320222
 105000.004987 275.289551 0.994440 8.078955 27.387858
 106000.005035 -386.403320 0.961713 5.121578 27.823648
 107000.005082 -365.095703 0.969261 5.970990 29.040747
 108000.005130 -617.478516 0.956720 7.075403 30.257953
 109000.005177 -749.637695 0.940675 5.798856 28.877776
 110000.005225 -219.777832 0.912579 6.105065 28.366076
 111000.005272 -197.853516 0.911877 6.589583 29.109812
 112000.005320 -346.787109 0.925725 6.681239 28.975066
 113000.005367 208.735840 0.886319 6.321426 30.281561
 114000.005415 -94.089355 0.986930 5.444675 29.306965
 115000.005462 37.853516 1.025182 5.182234 25.133977
 116000.005510 734.891602 1.045663 6.339840 27.632798
 117000.005557 -527.319336 0.963212 5.516772 28.306898
 118000.005605 -401.426758 1.015029 6.939359 28.427501
 119000.005652 -87.029297 1.053254 6.824587 27.159271
 120000.005700 -171.435059 1.265154 7.285127 25.556595
 121000.005747 0.701660 1.238070 6.623096 25.912333
 122000.005795 487.833008 1.208576 6.987981 26.460154
 123000.005842 194.393555 0.960290 4.406533 29.834553
 124000.005890 575.734375 1.172745 7.790801 26.038980
 125000.005937 235.803223 1.039658 7.633548 28.814626
 126000.005985 31.852539 1.049184 7.177846 28.499749
 127000.006032 59.050781 1.292392 6.039120 24.929009
 128000.006080 -74.326660 1.115431 5.922012 26.760527
 129000.006127 273.793457 1.309544 7.617015 26.195896
 130000.006175 241.785645 1.356841 6.283459 23.241545
 131000.006222 -106.555664 1.025157 6.664176 26.262643
 132000.006270 30.039062 0.993080 6.547479 27.984354
 133000.006317 -338.076172 0.948969 7.417969 30.594675
 134000.006365 321.824219 0.926316 7.340926 30.756041
 135000.006412 -18.572266 0.937459 7.771152 29.323678
 136000.006460 -265.519531 0.894698 7.292505 27.493379
 137000.006507 244.189453 0.950115 7.417463 28.582152
 138000.006555 -21.201172 0.940558 7.703902 28.390854
 139000.006602 39.177246 1.004454 10.025147 26.474813
 140000.006650 -194.797363 1.000619 8.835044 27.174845
 141000.006697 -242.311523 0.940921 7.928237 28.504718
 142000.006745 -28.550781 0.912191 7.959537 27.673744
 143000.006792 -659.031250 0.880424 7.377078 27.856261
 144000.006840 -314.942871 1.010682 5.169891 24.892645
 145000.006887 311.839844 0.969633 6.421041 27.904757
 146000.006935 154.207031 1.008270 5.027416 28.491873
 147000.006982 -560.519531 0.995254 3.988216 27.090086
 148000.007030 -357.976562 1.074224 5.019830 26.741122
 149000.007077 -274.432617 1.286416 6.413870 25.604227
 150000.007125 -129.528809 1.260583 4.430315 25.103899
 151000.007172 653.905762 1.216739 5.124025 25.776487
 152000.007220 257.541016 1.081697 7.214286 25.663375
 153000.007267 293.566895 1.122826 4.635617 27.111166
 154000.007315 100.827637 1.013567 5.529527 28.136227
 155000.007362 -435.583008 1.033983 5.897696 28.507752
 156000.007410 -573.022949 0.967047 6.275485 28.320836
 157000.007457 -350.158203 0.959483 7.142859 28.306613
 158000.007505 -362.116699 1.035772 5.760608 28.722715
 159000.007552 -67.985840 1.271858 7.190521 25.019489
 160000.007600 212.424316 1.058938 6.652089 26.106467
 161000.007647 179.651367 1.056187 6.568393 26.128198
 162000.007695 116.335938 0.966093 5.900307 27.803037
 163000.007742 -142.912598 1.005466 6.177252 29.925007
 164000.007790 -572.428711 0.958488 7.518557 29.762028
 165000.007837 -711.200684 1.001855 9.258851 27.847719
 166000.007885 207.949707 0.986731 8.060980 28.040565
 167000.007932 -261.746094 0.969004 9.660352 27.518633
 168000.007980 -147.531738 0.947890 7.582534 28.151030
 169000.008027 594.704102 0.968311 5.956238 28.944539
 170000.008075 439.343750 0.969743 5.447841 29.113606
 171000.008122 475.034668 0.945196 6.661325 30.790650
 172000.008170 106.883789 0.930893 6.093160 29.302180
 173000.008217 272.908203 1.017793 6.114334 27.711597
 174000.008265 -75.600586 0.967433 5.897822 30.302808
 175000.008312 -499.488770 0.919131 6.611679 30.405615
 176000.008360 -651.048828 0.948382 5.635861 28.853091
 177000.008407 -1095.877930 0.999693 6.187501 28.981704
 178000.008455 -31.770508 0.976081 6.067557 29.730640
 179000.008502 -982.985352 0.999389 8.229098 30.715882
 180000.008550 -166.158691 1.086869 6.586995 29.657054
 181000.008597 -458.548828 0.989241 8.289866 28.977078
 182000.008645 -802.450195 0.984591 7.084361 31.493442
 183000.008692 -1306.544434 0.947244 7.328194 29.831919
 184000.008740 -789.039062 1.010069 10.939107 29.866546
 185000.008787 -109.887695 0.970653 8.325448 30.434819
 186000.008835 -475.320801 0.924862 5.150939 30.813073
 187000.008882 -832.171875 0.983375 4.062144 27.235969
 188000.008930 65.200195 1.169464 5.743432 25.514234
 189000.008977 -658.248047 1.328160 6.393242 25.544809
 190000.009025 -419.990234 1.148383 8.448236 26.908991
 191000.009072 -738.778320 1.091714 8.097643 29.513429
 192000.009120 -95.969238 1.229569 10.178181 27.581630
 193000.009167 -225.344238 1.140809 9.503203 27.695065
 194000.009215 68.145508 1.157543 6.066337 25.088997
 195000.009262 116.684570 1.258399 7.657823 24.694676
 196000.009310 -9.955566 1.266610 6.621914 25.752149
 197000.009357 -708.896484 1.038080 8.551628 25.617114
 198000.009404 -632.299805 0.896169 7.716588 27.448828
 199000.009452 -557.533203 0.868780 7.141727 26.587166
 200000.009499 -701.512207 0.925563 7.277270 26.035493
 201000.009547 -567.090332 1.107584 8.326679 24.433232
 202000.009594 -378.833008 0.876725 7.885815 27.003792
 203000.009642 -467.909180 1.059573 5.816246 26.541200
 204000.009689 290.107422 0.976556 6.780755 26.298587
 205000.009737 -769.890625 0.928288 7.003355 28.470398
 206000.009784 -646.692383 0.937366 8.367415 27.862550
 207000.009832 -385.916016 0.923212 6.844091 27.608538
 208000.009879 -216.786621 0.930340 7.317191 27.555895
 209000.009927 -501.244629 1.039286 5.756820 27.619361
 210000.009974 -266.734375 1.060454 6.288286 26.328755
 211000.010022 -292.674805 1.240154 7.930627 27.951110
 212000.010069 -948.814941 0.977904 7.820948 26.531212
 213000.010117 -193.341309 0.969169 5.734491 28.094537
 214000.010164 -497.103516 0.944037 6.505743 27.429068
 215000.010212 -58.832520 1.072616 5.585436 26.326850
 216000.010259 97.441406 1.245266 7.269416 24.197475
 217000.010307 315.365234 1.141121 6.356139 24.248854
 218000.010354 -443.125488 1.036105 6.743461 26.001837
 219000.010402 -304.807617 0.988971 5.594460 27.324360
 220000.010449 314.934082 1.061054 6.632545 27.115102
 221000.010497 294.609863 1.006094 6.926390 26.554296
 222000.010544 -536.617188 0.909689 7.261422 26.639441
 223000.010592 -521.521973 0.911079 5.732172 26.157556
 224000.010639 129.168945 1.098510 7.103297 25.282677
 225000.010687 -9.066406 1.007227 6.909336 26.342241
 226000.010734 -187.998535 1.101518 8.234915 26.182598
 227000.010782 -569.405273 0.994117 7.664001 28.050330
 228000.010829 438.738281 0.972285 7.962507 28.363562
 229000.010877 -429.669434 0.944339 6.400700 26.050053
 230000.010924 230.602539 0.903877 6.112206 29.242234
 231000.010972 74.292969 0.944852 5.949900 28.063960
 232000.011019 -229.834473 0.917266 6.150934 27.151305
 233000.011067 -412.921387 0.887703 7.543409 28.500434
 234000.011114 -875.727539 0.919121 6.924539 25.644836
 235000.011162 -369.371582 0.849645 8.948708 27.853026
 236000.011209 -208.736816 0.850210 7.750234 29.041757
 237000.011257 -485.856445 0.881044 8.555540 28.075267
 238000.011304 -899.727051 0.871911 7.407248 27.942363
 239000.011352 -262.403320 0.932409 8.102758 27.831962
 240000.011399 -640.072266 0.946593 8.290074 26.897311
 241000.011447 -31.176758 1.070449 7.018885 24.349267
 242000.011494 -54.434570 1.033572 6.718606 24.857719
 243000.011542 -500.547363 1.086026 7.902345 26.612328
 244000.011589 -459.460449 1.071729 7.720680 27.099051
 245000.011637 -293.138184 1.107709 6.051552 27.319796
 246000.011684 16.839844 1.166897 8.317647 25.576308
 247000.011732 -524.921875 1.035539 9.887806 27.185014
 248000.011779 -28.421875 1.068330 8.836684 25.415865
 249000.011827 -354.694336 1.013004 8.465441 27.154205
 250000.011874 410.616211 1.215003 7.109068 25.940729
